6 0.0 66.0 281.0 230.0 251.02 10.774999121141775
6 1.0 66.0 281.0 231.0 251.32 10.693980181448444
6 2.0 66.0 282.0 231.0 251.65 10.678378986427562
6 3.0 66.0 283.0 231.0 251.96 10.702515516636186
6 4.0 66.0 283.0 232.0 252.31 10.669218444770085
6 5.0 66.0 283.0 232.0 252.61 10.650456432577064
6 6.0 66.0 284.0 233.0 252.92 10.610343723904235
6 7.0 66.0 284.0 233.0 253.25 10.603387108929777
6 8.0 66.0 284.0 233.0 253.57 10.637512240494331
6 9.0 66.0 284.0 233.0 254.0 10.682753021633147
6 10.0 66.0 285.0 234.0 254.16 10.720244230596444
6 11.0 66.0 285.0 234.0 254.58 10.77424913599293
6 12.0 66.0 285.0 236.0 254.92 10.682450443355563
6 13.0 66.0 285.0 236.0 255.25 10.675540816144713
6 14.0 66.0 286.0 236.0 255.59 10.804128466433186
6 15.0 66.0 286.0 236.0 255.96 10.686458910247303
6 16.0 66.0 286.0 236.0 256.25 10.722745577848649
6 17.0 66.0 286.0 236.0 256.45 10.76505288590649
6 18.0 66.0 286.0 237.0 256.78 10.727647656519306
6 19.0 66.0 286.0 237.0 257.08 10.729624806341018
6 20.0 66.0 286.0 237.0 257.44 10.734933063544824
6 21.0 66.0 286.0 237.0 257.75 10.674594591691513
6 22.0 66.0 287.0 237.0 257.99 10.672815462612942
6 23.0 66.0 287.0 238.0 258.46 10.689766653725943
6 24.0 66.0 287.0 238.0 258.88 10.704742647607885
6 25.0 66.0 287.0 239.0 259.09 10.613594294035542
6 26.0 66.0 287.0 239.0 259.48 10.568181709568806
6 27.0 66.0 287.0 239.0 259.8 10.424330514074596
6 28.0 66.0 287.0 239.0 260.11 10.376639459123867
6 29.0 66.0 287.0 239.0 260.52 10.490476681738588
6 30.0 66.0 288.0 240.0 260.87 10.544427414276674
6 31.0 66.0 288.0 241.0 261.12 10.496059866791573
6 32.0 66.0 288.0 241.0 261.41 10.593589637801788
6 33.0 66.0 289.0 241.0 261.7 10.608268168525603
6 34.0 66.0 289.0 241.0 262.04 10.588654114645355
6 35.0 66.0 289.0 241.0 262.27 10.57618345934187
6 36.0 66.0 290.0 242.0 262.64 10.564396085269836
6 37.0 66.0 290.0 242.0 262.97 10.554768179033173
6 38.0 66.0 290.0 242.0 263.19 10.530086764729306
6 39.0 66.0 290.0 243.0 263.58 10.575538766513045
6 40.0 66.0 290.0 243.0 263.86 10.56678615743546
6 41.0 66.0 291.0 243.0 264.07 10.645106050588826
6 42.0 66.0 291.0 243.0 264.38 10.611390868383664
6 43.0 66.0 291.0 243.0 264.66 10.576532054649592
6 44.0 66.0 291.0 243.0 264.91 10.592636092774045
6 45.0 66.0 291.0 244.0 265.24 10.600285873789465
6 46.0 66.0 291.0 244.0 265.59 10.59358963780179
6 47.0 66.0 291.0 245.0 265.98 10.540906368558026
6 48.0 66.0 291.0 245.0 266.29 10.564180952251771
6 49.0 66.0 291.0 245.0 266.67 10.550556498320004
6 50.0 21.0 291.0 245.0 266.99 10.56532827772813
6 51.0 21.0 291.0 245.0 267.36 10.50302505726495
6 52.0 21.0 292.0 245.0 267.6 10.592545501531733
6 53.0 18.0 292.0 247.0 267.9 10.566289066955566
6 54.0 18.0 293.0 247.0 268.2 10.533256616521548
6 55.0 18.0 293.0 247.0 268.49 10.557677086108741
6 56.0 18.0 294.0 247.0 268.66 10.56984466118666
6 57.0 18.0 294.0 247.0 268.95 10.55564859076491
6 58.0 18.0 294.0 247.0 269.22 10.570188687478042
6 59.0 18.0 294.0 249.0 269.51 10.524137719902514
6 60.0 18.0 295.0 249.0 269.75 10.574769859233703
6 61.0 18.0 295.0 249.0 270.13 10.496420746371045
6 62.0 18.0 295.0 249.0 270.36 10.433551164344284
6 63.0 66.0 296.0 249.0 270.67 10.360233802595598
6 64.0 66.0 296.0 249.0 270.98 10.374775158814751
6 65.0 66.0 296.0 249.0 271.25 10.476886537285374
6 66.0 17.0 296.0 250.0 271.68 10.466763172687694
6 67.0 17.0 296.0 252.0 271.96 10.386393585704893
6 68.0 17.0 297.0 252.0 272.27 10.505270442530598
6 69.0 66.0 298.0 252.0 272.48 10.465412007410343
6 70.0 66.0 298.0 253.0 272.82 10.487491346717514
6 71.0 66.0 298.0 253.0 273.1 10.443208609455533
6 72.0 66.0 299.0 254.0 273.51 10.455770240069905
6 73.0 18.0 299.0 254.0 273.76 10.485314405482464
6 74.0 18.0 299.0 254.0 274.01 10.519337652460097
6 75.0 18.0 299.0 254.0 274.31 10.499345818967136
6 76.0 17.0 299.0 254.0 274.5 10.443208609455528
6 77.0 17.0 301.0 254.0 274.78 10.454886248288235
6 78.0 17.0 301.0 254.0 275.0 10.47652498482086
6 79.0 17.0 301.0 254.0 275.35 10.386836074395498
6 80.0 17.0 301.0 254.0 275.71 10.349737711993996
6 81.0 17.0 302.0 255.0 276.01 10.308861540569177
6 82.0 17.0 302.0 255.0 276.3 10.30396608941029
6 83.0 17.0 302.0 255.0 276.61 10.340559545651853
6 84.0 17.0 302.0 256.0 276.87 10.37640583149088
6 85.0 17.0 302.0 256.0 277.06 10.445452347671434
6 86.0 21.0 303.0 256.0 277.31 10.352079769570734
6 87.0 21.0 303.0 256.0 277.61 10.350323276071713
6 88.0 21.0 304.0 257.0 277.87 10.331529656856484
6 89.0 21.0 304.0 257.0 278.09 10.361247731111078
6 90.0 21.0 304.0 257.0 278.3 10.349937783446437
6 91.0 21.0 304.0 258.0 278.5 10.34115051333235
6 92.0 21.0 304.0 258.0 278.67 10.292740405281046
6 93.0 21.0 304.0 258.0 278.97 10.130915780197489
6 94.0 21.0 305.0 259.0 279.25 10.243869810128821
6 95.0 21.0 305.0 259.0 279.52 10.160808048675081
6 96.0 21.0 305.0 259.0 279.78 10.197623014777273
6 97.0 21.0 305.0 260.0 280.03 10.179653900568205
6 98.0 21.0 307.0 261.0 280.41 10.2593588710233
6 99.0 21.0 308.0 261.0 280.74 10.321713897302999
6 100.0 21.0 308.0 261.0 280.97 10.296076530367857
